%YAML:1.0
---
model_type: PINHOLE
camera_name: camera
image_width: 848
image_height: 480
distortion_parameters:
   k1: -0.000803240459519476
   k2: 0.007127413360816254
   p1: 0.008040690355796402
   p2: -0.0020347167784439597
projection_parameters:
   fx: 423.1033695169751
   fy: 423.01628612122624
   cx: 420.44973635498826
   cy: 252.84474388438176
