%YAML:1.0

#common parameters
#support: 1 imu 1 cam; 1 imu 2 cam: 2 cam; 
imu: 1         
num_of_cam: 2  

imu_topic: "/camera/imu"
image0_topic: "/camera/infra1/image_rect_raw"
image1_topic: "/camera/infra2/image_rect_raw"
output_path: "/home/dji/output/"

cam0_calib: "left.yaml"
cam1_calib: "right.yaml"
image_width: 848
image_height: 480
   

# Extrinsic parameter between IMU and Camera.
estimate_extrinsic: 0   # 0  Have an accurate extrinsic parameters. We will trust the following imu^R_cam, imu^T_cam, don't change it.
                        # 1  Have an initial guess about extrinsic parameters. We will optimize around your initial guess.

body_T_cam0: !!opencv-matrix
   rows: 4
   cols: 4
   dt: d
   data: [0.99998049824532231054, 0.0046597116604245333833, -0.0041581505838241919955, 0.0023699423451810195697,
          -0.0046104136706886880405, 0.99991989502380734839, 0.011787604564217767206, 0.00028255970167624452974,
          0.0042127443337070301961, -0.011768203890948877274, 0.9999218780296583249, 0.0000065243848148982280859,
          0.0, 0.0, 0.0, 1.0]

body_T_cam1: !!opencv-matrix
   rows: 4
   cols: 4
   dt: d
   data: [0.99991357924373073884, 0.007677397820237888363, 0.010672001063580031964, 0.055595627846778583139,
          -0.0076020545486967996248, 0.99994602110624366586, -0.0070826294855866450716, -0.0040742129316016339129,
          -0.010725801164942648548, 0.0070008882651610401365, 0.99991796901189283555, -0.007716793652157630141,
          0.0, 0.0, 0.0, 1.0]

#Multiple thread support
multiple_thread: 1

#feature traker paprameters
max_cnt: 150            # max feature number in feature tracking
min_dist: 30            # min distance between two features 
freq: 10                # frequence (Hz) of publish tracking result. At least 10Hz for good estimation. If set 0, the frequence will be same as raw image 
F_threshold: 1.0        # ransac threshold (pixel)
show_track: 1           # publish tracking image as topic
flow_back: 1            # perform forward and backward optical flow to improve feature tracking accuracy

#optimization parameters
max_solver_time: 0.04  # max solver itration time (ms), to guarantee real time
max_num_iterations: 8   # max solver itrations, to guarantee real time
keyframe_parallax: 10.0 # keyframe selection threshold (pixel)

#imu parameters       The more accurate parameters you provide, the better performance
acc_n: 1.9370095667026372e-01          # accelerometer measurement noise standard deviation. #0.2   0.04
gyr_n: 1.4931064314910106e-02         # gyroscope measurement noise standard deviation.     #0.05  0.004
acc_w: 4.4709078460458538e-03         # accelerometer bias random work noise standard deviation.  #0.002
gyr_w: 1.3943568569161103e-04       # gyroscope bias random work noise standard deviation.     #4.0e-5
g_norm: 9.805         # gravity magnitude

#unsynchronization parameters
estimate_td: 1                      # online estimate time offset between camera and imu
td: 0.00                             # initial value of time offset. unit: s. readed image clock + td = real image clock (IMU clock)

#loop closure parameters
load_previous_pose_graph: 0        # load and reuse previous pose graph; load from 'pose_graph_save_path'
pose_graph_save_path: "/home/dji/output/pose_graph/" # save and load path
save_image: 0                   # save image in pose graph for visualization prupose; you can close this function by setting 0 
