%YAML:1.0
---
model_type: PINHOLE
camera_name: camera
image_width: 848
image_height: 480
distortion_parameters:
   k1: 0.013952019020570375
   k2: -0.011497885433677685
   p1: 0.00047592551813469295
   p2: 0.004025898512513596
projection_parameters:
   fx: 431.09275551102434
   fy: 431.13099961250026
   cx: 430.2742604129494
   cy: 240.57365881323872
